2019940032136
1020020051713
1020010079477
1020150001809
1020120025850
1020100062221
1020090126354
1020070141293
1020100113994
1020130017348
2020020001068
1020080070045
2020090008151
1020080100493
1020080125736
1019960074048
2020030000924
1020110085742
2020100003278
1019980003668
1020040086292
1020040015325
1020050021606
1020010073347
2020010038927
2020050014877
1020140017555
1020160031637
1020030002598
1020050005865
2020030037759
1020050022985
1020040049550
1020040049546
1020040049532
2019980002838
1020080012296
1020060069459
1020110057576
1020090092531
1020100092199
1020040081923
1020120068099
1020070135520
2020030031461
2019980027163
1020130144214
1020090015090
1020120113349
1020130099870
1020070040780
""
1019980005828
1020130040704
2019960000262
2020030032926
1020007003261
1020030034637
1020010029791
1019990033164
1020040041691
2020020005138
2020020017331
1020040024426
2020020037914
1020040032583
1020120143296
1020130116495
1020040014006
1020080131872
2019990023827
2020030033105
2020020008252
1020030009963
2019940012237
1019930000323
1020140193730
1020000045716
2020070005611
1019980016837
1020050018362
2019990017906
1020000046517
1020090014219
2020030000831
1020070093068
2019980012692
1020030098587
1020090049027
1020060123149
2020020004210
2019950012884
2020020010393
1020190037133
1020040081927
1020060129185
1020180156356
1019970023477
2020060020545
1020130037373
1020100039694
2020010036256
2020040006221
1020040013470
2020010010553
2020020034667
2019980023276
1020090029063
2020060029136
1020100024980
1020080066672
1020090115198
1020090106277
1019990045695
1020000050268
1020040076430
1019860006398
2019890019173
2019870015768
1020060031692
2020120006547
1020050098611
1019980004814
2019840002221
2020050012602
1020090097030
2020080001352
2019870016657
2020000018324
2020000020280
2019850008835
1020000071369
1020030023665
2020010021954
2020010025659
2020040001354
2019890010904
2020020034933
2020070001757
1019990035763
1020090056150
1019980009015
1020080054949
2020000005573
2019990004442
2019980021953
2020010001275
2020030033958
2020040008191
1019980001804
2020030011524
1020040104371
1020057018157
1020170040502
2020000031517
1019980026492
1020070065811
1020070053514
1020150177442
1020180040623
1020190015107
1020100019997
1020060063098
1020010072116
2019970014322
2020080005604
1020097020333
2019940013118
2020090003713
2020150001560
2019920011585
1020060065345
1020020066457
1020070116876
1020050107162
1020080085005
1019860004674
1020020005891
1019980003636
1019990047473
2020000035654
1020060040582
1019960038018
1020040029812
1020040072886
2019970026824
1020040019031
1020130141654
1020180163056
1020130094573
2020050024415
1020070128197
1020140138340
1020070106346
1020030048783
1020040090971
1020010037322
1020050036919
1020100106665
1020090109764
1020080113290
1020090053193
1020100081554
1020080023753
1020130025965
1020070138081
1020130114007
2019980019482
2019990001987
1020070113994
1020090067652
2019890008202
2020020014863
1019980004106
1020110090302
1020070053875
1020070000285
1020150169029
1020160090341
1020060102589
1020070040494
2020040021538
2020050036804
2019920010522
2020080005197
1020060087743
1020110119934
1020110042864
1020090012709
2020140008255
1020060109318
1020130057361
1020170025804
2020010029554
1020060080059
1020020061829
1020060013955
1020170100938
1020180162506
2020080005239
1019990013057
1020110119501
2020020007504
1020070104707
1020000070214
2020010031484
1020070006927
1020110056757
1019880007224
2019890016226
2019900008116
1020080113238
1020020058832
1020150054455
1020090030830
1020150134259
2020040019136
1020150134258
1020010047774
1020030007626
1020110078000
1020080015553
1020080126645
1020030010615
1020150009704
1020120041605
2020120010555
2019890000016
2019990000859
1020170113811
1020030030517
1020190128265
1020150017907
1020090094655
1020140090093
1020100123490
1020130081639
1019960014534
1019950026861
1019960068727
1019970027293
2019890011335
2019940039741
1020120109768
2019980001812
1020130132456
1020000060431
1019930022076
2019910015335
1020000048807
2020010014157
2020000011493
2020130007242
2019890012276
2019880019850
1019970080324
1020070138479
2020000033864
1019980041219
2020060016345
2019840003752
2019970026314
2019970025518
1020137029429
1020050123054
1020080125018
1020080011927
1020120088706
1020020068642
2020010029374
1019990058040
1020060026124
1020030071182
1020010059489
1020020028772
1020040081926
1020070041503
2019850010206
2019850001949
1019980009359
2020120000032
2019830009425
2020060007255
1020070065810
2020010000104
1020100094195
2020080004473
1020120065969
2020070018504
1020100036281
1020070100058
1020110067650
2019990024075
2019900007992
2020030012631
2019890000561
2019840007704
2019880019010
2020060023006
2020080005384
2020030026507
2020080001458
2019980020217
1020060062748
2020050029154
2020110008311
1020070070366
2020030010764
2020050005488
1020050039135
2020060031459
2020030028767
1019940021659
2020010005783
2020020005826
2020040017793
1020060026714
1019990012802
2019980002008
1019990009170
2020010024094
2020030022079
1020010027010
2019860010050
1020000066490
2020060032519
1019960018460
1020060022548
2019960013577
2019960026007
1020010058180
1020050091110
2019850017073
1020060121135
2020010029158
1020080097901
1020110116365
1020140008682
1019990052904
1020040073493
2020090004971
2019870015614
1020070084576
2020040037059
2020040031541
1020080102653
1020050029727
2020010001856
1020070048848
1020080097739
2020090017012
1020070000921
1020070028589
1020010051339
2020080000885
2020010007455
1019980018450
1019920016644
1020030012482
2020000033292
2020040009099
2020030010805
1020070022136
1019990020326
1020050025207
1020090023223
2019990018926
2020020034968
1020050041934
1020050065637
1020000053089
1020120009871
1020137025581
1020110097803
1020060044586
1020030099489
1020020034491
1020020010861
1020000071600
1020120043691
1020070104286
2020040003893
2020080006774
2020130001990
1020130118937
2020060031621
1020130027252
1020040025764
2019930027866
1019980005535
1020057020278
1020057006627
1020090097769
1020030037442
1020130064232
1020090084473
2020090016801
2020100010696
2020090002219
1020100086014
2019940022122
1020040065336
1020030043699
1020120153577
1020060061872
2020020021045
2020040036218
2020100004960
1020050132290
1020090083614
2020050002907
2019860014440
2019830006664
1020030101484
1020050049724
1020050051699
2020000003400
1020110022619
2020060010255
1020050031685
1020120121585
1020050022394
2020070007489
2020130008630
1020130035126
1020110015867
1020030078345
1020130063659
1020150063633
1020100036621
2020020014724
2019810007934
1020030028557
1020070120733
1020050073864
1020140111387
1020100121770
1020110028100
2020040024122
1019980001806
1020120123801
2020020003991
1020030074002
1019980057724
1020080084330
1020110008047
1020110138777
1020020006495
2019980010834
1020110026082
2020060010828
2020090016057
1020080083879
1019950027078
2019950004054
1020020013323
2019980020233
1020080010135
1020030039203
1020150060015
1020120127187
1020010000102
1019980045612
2019980002007
2019980001369
1020080047557
1020090073612
2019880005930
1020120111632
2020090006801
1020110080374
1020030015236
1020000039726
2019990016625
2019850008040
2020060016782
2019990026771
1020010026929
2020040016926
2020050018773
2020050018774
2020060022515
2020060019760
1020000076278
1020020034619
2020020037851
2020040016006
2019880014196
2019920019085
1020070046933
1020090112877
2020050022814
1020020007196
1020030038084
2019980018109
2019980004841
1019990004724
1020060050329
1020120044705
2020060031875
2019980000758
1019940029731
1020080096568
1020030081938
2019990019949
2019900013606
1020150191242
1019980009806
2019950009091
2019900015614
1019990016325
2019950009090
2019860011381
2020010030080
2020040011677
2019840010441
1020060102964
1019980033263
1020030089129
1020130092942
2020010020448
1020040037777
2020050021244
2019810008262
1020040059912
1020020058871
1020060082268
2020050012477
2020000005443
2020020032825
2020050024275
2020040027257
1020000028326
2020030000180
2019990000684
1019970041684
1020150093306
1020110064325
1020150093297
1020160130024
2019980001968
2020000017440
1019920014229
1019980013012
1019990006307
1019990018868
2020030018325
2020040010803
2020050019171
2019980005532
2019890010530
2019820001641
1019990024440
1020140026572
1020090061408
2020020034472
1020070044559
1020020063111
1020060035401
1020140033987
1020080109524
1020160083107
1020140107427
1020170162469
2020180005229
1019960021799
1020040008619
1019970017169
1020170068019
1020170042188
1019970074860
1019950027544
1020020077715
1020180023835
1020080067128
1020150066755
1020150178288
1020010061387
1020020064298
2020000006505
1020050073965
2020110011247
1020090131083
1020080023824
1020130031514
1020100094366
1019980012530
1020120092255
1019980049212
2020050029012
2020000008116
1020050134967
1020120062062
2020130000212
1020040094940
2020040008652
2020090004499
2020060011843
2020040017429
2020050016799
2020070000097
2019980007085
1020020017368
2020050020140
1020110073077
1020090093667
1020100009220
1019980058317
1020110006766
2020050035160
2019980001487
1020080077872
1020060048606
1020070004847
1020060104947
2019870015849
2020100013316
2020010007254
1020080125308
2020060031123
1020050012989
1020090028761
1020130028887
1020080021328
2019970036658
1020130003695
1020050054253
2019990006279
2019990022237
2019970001132
2020090010430
2020010028850
2020030005729
1019980049636
2020080013439
1020020012999
2020010036753
2020050028987
2020030023249
1020000014306
1020090094203
2020050007123
1020140148915
1020110015904
1020080063404
1020100013934
1020060000696
2020080011989
1020130135699
2020090003218
1020030017338
2020000036422
2020070003902
1020070072173
1019880007996
2020010005826
2020000028576
2019980002948
2020080015218
1020040064997
2019980020230
1020150173128
1020160176240
1020190160799
2020000016900
2019920011193
2019970006351
1020130148402
2019810007388
2019870015233
2020050011048
2020010035842
1020100032480
2020020031640
1020010030849
1020010029074
1020010061380
1020040077353
2020000021353
2020010030041
2019980016751
1020090129033
1020130030151
2020010040350
1020080008895
2019880015406
2019870005474
1020070052449
1020070060469
1020090007463
1020020017190
1020030042581
1020050048139
1020020011877
2020020005136
2019960045102
1020080095020
1020080071349
2020050022934
1020080019581
1020030006081
1020080099988
1020050099597
1020040065575
2020000010076
2019920016665
2019900005955
1020050134969
2019880016495
1020090011399
1020110022685
1020080082648
2019860013093
1020100078425
2020000016700
2019870010908
1020050090585
1020000031746
2020060009604
2019980013624
1020030005428
2020040015590
1020070090818
2019960029501
2020090009864
1020080059879
2020060010592
1020027000410
2020030040909
1020060040569
2020020006877
1020110128221
1020010073801
1020090075217
1020030095287
2020090006547
1020170042222
1020040063430
1020010072821
2019700004589
1020130083480
1020180144802
1020120038966
2020030008583
1020057001126
1020030023926
1020100069910
1020140041900
1020120131847
1020070053947
2019900000449
1020070130800
1020120120568
1020090131497
1020120120569
2019910011124
1020140150411
1020090106978
1019990032030
1020140171785
1020080109194
2020010023738
1020060039451
2020020029907
2020050024047
1020090032468
1020100115631
1020060045776
1020040105850
1020040062226
2020010035978
2019820007364
1020190147515
1020130066870
1020100013469
2020080016920
1020140124401
1020050019492
1020140128547
1020130121946
1019980053454
2020100007716
1020110022603
2019970012291
2019930022114
1020070070579
2019900012690
1020120065799
1020000041133
1020000041375
1020000041132
1020140011240
1020120046135
2020120006459
1020100138089
1020010007816
2019980004067
2019900001255
1020040011840
2020080009221
1019910014980
1020030097654
2020050005379
1019990022599
1020080072775
2019850007546
1020060043054
1020080076634
2019980002753
1019970009094
1020070033191
2020010018072
1020020075602
2019900020121
2019980001867
2019950009107
1019960063801
1020120089493
2019940022831
1019940032820
2019980023277
1020140022875
1020160003606
1020130048565
1020130098791
2020150007976
1020020070486
2020070003507
1020030086354
1020100072500
1020100094122
2020020014162
2019960020502
2020060012528
1020070090739
1019990044517
2019900016033
1019960705019
2019910014399
1020010069606
1020020020810
1020060014979
1019940028479
1020060015669
2020050025800
1020000062566
1020040084056
2019870002217
1020050004341
1020100018204
1020160180758
1020060015668
2020080017364
1020010040211
1020140032198
2019960025866
1020050014550
2020050004701
1020000026540
1020010029823
2019990002204
2020020030289
2020040019346
2020040035845
2020100001421
2019840002725
1020100019218
1020180138141
1020090084257
1020170184086
1020130156965
1020160126913
1020120076649
1020120064415
1020130082583
1020130082582
2019950028105
2020070020061
2020100003950
1020070112279
1020100074384
1020160093989
1020177001539
1020170047422
1020130039294
1020190047618
1020120130848
1020090087423
1020100077440
1020030071750
1019960040044
1019990051363
1020030015600
1020030073507
1020110081872
1020130131092
1020140031441
1020150083739
1020120155180
1020170104767
1020160049565
1020150169051
1020150083738
2019870009730
1020060070807
1020120124132
1020140013282
2020020013455
1020040096178
1020150101883
1020020060076
1020090037992
1020100063932
1020120020146
1020090127008
1020090128357
1020140113104
1020040022110
1020130137822
1020030066432
1020130031838
1020080126051
1020120153975
1020130030656
2020010034981
1020100069457
2019990015959
1020010061379
1020100004431
1020070030422
1020080042911
1020010026001
1020070077441
1020070097096
1020100013921
1020080047345
1020120143479
1020090076778
1020040081929
1020130029768
1020110112219
1020150097686
1020130022193
1020030029024
1020087009204
1020080095091
1020080058791
1020110051790
1019910019296
2020010032225
2019880016609
1020140121401
1020060133680
1020080090514
1020080002435
1020120090246
1020040065582
2019900011150
2019970003566
1020010059654
1020070051516
1020190032022
2020060009800
1020090109758
2019960025865
1020030082434
1020100056289
2019980000788
1020130129627
1020000047149
1020080097238
2020000010079
2020000026426
1020100026138
1020000082695
1020020075906
1020130088534
1020150089650
2019900009234
1020030015419
1020130022800
1020000029439
1020110138791
2019980006630
1020110018789
2020020024018
2020080012020
1020030037745
1020090077359
2019830006887
2020030032447
1020070129512
1020080016658
2020090009198
2020060012394
2020010003194
2019870016744
1019910007227
1019870011571
2019830007766
2019830009182
2019840008166
2019850001459
2020000027468
2020040030052
2020000029822
2019880014079
2019910009550
1020070046524
1020050002719
1020030018302
2020000021852
1019980001805
1020050126145
1020110057310
1020110078518
2020030021146
2020060001233
2019990005468
2020040018539
1019970023673
2019850000786
1020090040344
1020087006381
1020100122860
1020090080920
2020050027861
2020110002792
2019820001003
2020140002062
1020130024659
2020040003988
2020050002232
1020187032035
1020180116316
1020020026677
2019980007289
2020030010615
2019940036302
2019610001106
2019980004978
2020050005664
1020090065289
2020020011482
1020100035610
1020110012184
2020020012469
1020120092209
1019900014821
1020000073997
2019980023684
2019980023282
1020040073262
1020060067038
1020060041553
2020060013107
2020060024509
1020100132106
1020120153576
1020070099668
2020030035435
2020040014152
1020080071667
1020090118296
1020080015272
2019990004467
1019970007956
2019990026342
1020060117768
1020110029129
2020020009283
1020130031616
1020040054084
1020147011765
1020120065012
1020140031091
1020090033219
1019950065105
1019940031523
1020060064446
1020080123896
2020040002277
1020130045383
1020070120717
1020140080501
1020090079334
1020120043152
2020020036741
1020150079402
1020080126226
2020080007251
1020080109135
1020070000185
1020140009653
1020120135239
1020130049276
1020150089419
1020167023470
2020090005236
2020080007781
1020020083456
1020020047073
1020030023414
1020130005241
1020197009986
1019980040502
1020130157908
2020020030872
2020100013156
1020060090567
1020090008642
1020130016934
1020130016943
1020140123641
2019840008199
2019980010368
1020110085503
1020090039465
1020020035364
2020050030297
2019970022831
1020060107328
1020140053756
1020150086545
1020000014307
1020050121014
1020010036750
1020080076165
1020130028661
1020080031011
1020090100698
1020130019746
1020130072400
1020200030604
2019980003173
2020020009873
2019930023829
2019940036300
1020120001972
1019900021022
1020050059213
1020070101254
2020110010911
1020040049502
2020050020130
2020060001636
1020000015352
1020100024300
2019980001865
1020120009829
1020150055155
1020170183572
2019990030622
1020110044129
1019930022010
1020060091569
1020030036218
2019970011965
2019950030053
1019990018991
1020040040949
2019990005431
2019980018343
1020030078606
2019980005173
1019840000046
1020020048517
1020037008701
2019940023336
1020050063189
1019990036489
1020060009431
2020040026586
2020060005426
2019940015644
1020080130844
2019980002800
1020090122822
2020000011883
1020030009841
2020070015028
2020000023394
2020060015869
1020097016627
2019910015939
1019870006258
1020030015237
2020040037070
2020020005628
2020020025940
1020100039487
2020000029882
1020050058961
1020110026869
1020090107246
1020080070802
1020130021759
1020150153788
1019960029688
1020020061156
1020060036098
1020050017489
1020040066472
2020120002578
2020070017569
2020060028960
1020080115541
2019880019989
1020090106354
1019960001190
1019800001580
1020060015075
2019910003767
1020090013560
2020070000390
1020127033407
1020130032638
1020110022343
1020050120872
2020060013354
1020200060162
1020100054309
1020090113883
1020100040053
1019990044562
1019900002787
1020117004930
2019870016210
1020100027119
1020130114885
1020100020358
1020130144975
1020010053169
1020070015309
1020090015609
1020090049724
2020120011828
2020140002161
1020110054358
2019950041738
2020020010404
1020110072815
2020060001555
2019980023323
1020137003855
1020100060261
1020090016702
1020130133508
1020100021639
2020070004132
2020020004918
1020030038095
1020100047463
1019980049250
1020030037440
2019940018211
1019940012828
1019940007664
2020030018788
1020090134290
2020050027315
1020160050350
1020180161537
1020120141215
1020140015566
1020120078177
2020030015870
2019980014469
2020090007181
1020040079676
1020110054738
1020160086421
2019980022791
1020100017271
2020040027932
1020140055694
1020140036051
1020040034587
1020040103293
2020040013761
1020000057094
1020087005226
1020140052047
1020190031687
1020100014207
1020087010791
1020100019269
1020110048929
1020000054504
2020080014236
2020030039054
1020110058590
1020100039593
1020110031234
1020120041572
1020070070222
1020080111373
2019940005533
1020100054930
1020060126494
1020080037541
1020110012149
2020050030859
1020050069870
1019960009431
1019960009435
2020000029579
2019990014694
2020020008872
2020050013155
1020010025591
2020010013390
2019980011686
2020040022847
2020020001920
1020090053337
2020030005742
2020080008539
1020090022733
1020030048412
1019910013802
1019990013708
2020040021290
2019980009236
2020000031479
2020050028972
2019980005493
2020050032929
1020030090101
2019990028469
2019990023862
2020030009708
2019890008374
1019960002883
2019990010799
1019910010101
2020080000704
2019980002458
2020010033926
2020020007253
2020030001529
2020020011483
1020050082679
1020127009746
2020040004975
2020050028084
1020167003301
2019930016734
2020010037388
1020030060179
2020080000320
2020080003696
1020070067675
1020090059454
2020010026237
1020120026524
1020120102527
1020130033858
1020140109543
1020160074105
2020100000337
1020020079384
2020010040615
2020060012039
2019900008417
2019900017996
1020160111627
1019980031640
1020010088110
1019970058479
2020010028887
2019910008993
2019980015443
1020170114926
1020110030154
2020150006290
2019980018465
1020120079110
1020060051995
1020100007550
2020030011461
1020120049939
2020030038508
1020130023029
1020030013386
2020010008088
2020150000569
2020100000598
1020127019210
1020110098369
2019980017378
2020030024472
2020030017692
2020030031920
2020010017706
2020020009281
1020140098970
1020140068519
1020110057199
1020130055438
2020060002677
1020040065581
1020010076858
1020160023975
1020060091684
2020060029276
1020110093210
1020130103312
2020000028416
2020110009186
1019990049085
1019990000468
1020000029127
1020140049680
2020080013811
1020090052233
1020130077043
2020080017373
2020080009390
1019980000950
1020070045964
1019960034310
1019890018538
1020100098821
1020070115413
1020100098820
1020120011050
1020120118440
2020060010655
1020150079009
2019960043207
1020110074195
1019950002747
2020040018393
2020100006349
1020120005976
1020167011659
2020080002682
1020030005780
1019990033566
1020080033577
1020110028167
2020050034796
2020020009847
1020100119629
1020110010487
2020060000531
1020060009056
2019990025254
1020080042680
2020070011494
2020000022514
2019940033049
1020090039393
1020130012914
1020070096568
1020000013935
1020200059382
1020190020793
1020050047013
1020100095065
1020180068559
1020090090099
1020140096407
1020090047899
1020060107169
1020060107170
2019990009024
1020110128349
2020060027563
1020120010326
2020060005859
1020010031820
1019990044793
1020060063397
1020050075359
2019990029422
2020000016362
1020090020884
1020070044758
1020070137169
1020080095852
1019940037364
1020110029297
2020090002546
1020080009320
1020137030258
1020000015340
1020170183573
2020040018541
2019930017888
1020040052928
2020070011181
2020000014798
1020090050917
1019980032841
2020010034869
1020170037456
1019980017335
1020100046827
1020187020949
1020080071428
1020090045666
1020020024828
1020040011544
2020030039302
2020000033151
1019990056491
2019860017852
2019900017314
1020090000851
1020000069720
1020010005319
1020080074841
2020010000515
1020070068897
1020030071615
1020000032876
2019910003494
2020040027652
2020020007756
2020040019115
1020010034068
2019980015594
2019870016032
2019870003868
2020050027952
1020040068122
1019980014256
1020000008964
2020010008813
1019980011259
1020070065905
2020060016788
1020020031072
1020090016039
1020090122106
1020110022249
1020130125799
1020130095462
1020150071998
2020040036945
2019860022203
1020100025314
2020040018390
1020130150615
2019970004147
1020010013263
2020000009921
2020020007230
2020030012939
2020130000077
1020167011822
1020020036185
2020030005204
1020040117738
2020040036567
1019980019955
2020050030270
1019910004726
2020130010551
2019970008347
1020150030601
1020170056511
1020140080185
1020080017584
1020140068412
1020150008272
1020170039752
1020060051156
1020130030135
1020050100341
1020050029896
1020090086283
2020040035746
1020120027777
1020110132755
1020010071006
1020070072425
2019960054926
1020120004804
2020080015455
2020070017778
1020060051259
2020010003254
1020107003548
1020070050811
1020090021996
1020000063927
2020080011878
1020110037042
1020090040483
1020167012344
1020150096794
1020120094162
1020200038106
1020110094636
2020120006740
2020080004421
1020090092059
1020110091202
1020090101717
1020080023976
2020010034104
1020160012831
1020010002912
2020010021987
2020040013919
2020030008109
1020040025176
1020120052369
1020120154843
1020080089083
1020040048809
1020030034655
1020050116667
2019990013519
2019970004294
2020070006695
2019990029233
1019960038300
1020040052538
2019930001203
1020100135624
1020090068467
2020020019865
1020000040843
2019940027436
2019970042100
1020050134958
1020080094258
1020090035823
2020000022133
2020040001208
2020050009088
1020150060394
1020060090223
1020060133946
2019960058581
1020040094665
2020000001286
1020140042174
1020020080959
2020040023196
1020040097211
1020120143293
1020100015732
2019870014389
2020000028265
1020080132868
2020080006806
2020080015216
2019980015033
2019960025198
2019970012300
1020090018563
2019940018043
1020110066036
1019990000309
1020190053234
2020050011113
1020040036967
1020150110736
1020090060769
1020040050723
2020030040593
2020060017224
1020020045854
1019990049359
1019920002022
1020030063652
2020060007136
2019980007522
1020080006385
2020000028940
2019850010598
1020130007349
1020000010033
2019810003832
1020010021507
1020030037208
2019880011952
1020010069541
1020100118416
1020120069993
2020010011602
2020010021117
1020040109985
1020040015889
2019980002095
2020010027788
1020070085411
2019970026388
2020050027773
2019950040896
2019980021993
2020010012677
1020050044315
1019980053005
2020020006295
2020030040525
2019850009189
2019930019167
2020020022449
2020050036362
2019720003121
1019930021900
1020037010117
1020050054482
1020080078280
2019980000642
1020050011926
1019980005792
2020010003776
2020050006185
2019980003977
2020040035330
2020060007951
1019980063761
2020060006441
1020090118545
1020150101122
2019980010442
2020090002737
1020070141610
2019970006926
1020120045193
1020130043260
1020130008485
1020160017373
2020040007486
1020110092930
1020060110151
1020050006667
1020080125644
1020110099559
1020180120986
1020100118535
2020110000076
1020030024978
1020100060926
2019880013739
2020090009500
2020050015656
1020050078484
1020107000246
2020100005458
2020050015558
1020110055057
2020090010392
1020070049828
1020087002772
1020080092593
1020140016956
2020150003944
1020040020149
2020060002678
1020060029707
2020080006324
1020110126699
2019990004173
1020070086725
1020140011585
1020080063819
1020110088597
2019900020344
1019980003385
1020107007975
1020110079683
1020000011797
2020000005163
2020040022659
1020120060409
2020110011658
2020020011886
1020110052869
1020110120983
1019950024888
1020000061100
2020020037677
2020020011247
2020100004466
1019950017268
2019960023617
1020050082935
1020030044698
2019880010516
1020100003292
1020140003954
2020000020633
1020170088350
1020120113774
2020010012619
2020030011556
1020090023001
1020120024102
1019990029823
1020110055817
2020110011813
2020090009197
1020050058959
1019990030207
1020010051663
2020010024452
2020020032427
1020000047416
1020050013236
1020080028685
2019830001152
1020070048498
1020110106073
1020120086422
1020040058505
1020080044157
2019930015425
2019960025864
1020110054978
2019960060680
1020130160940
2020060006050
1020150118584
1020140023559
1020150000056
1020040049203
1020110042772
1020010035449
1020030069737
1020057023024
1020100035734
2020060002679
1020030034772
1020100036333
1020130069502
1020150011826
1020160121209
2020000012814
2020010030232
2020040019633
2020090005958
1019970031601
1020170036886
2020000036429
1020050116991
1019980709947
1020150018850
2020050023267
1020080105213
1020100047943
1020080114604
1020060078274
1019980023166
1020060131544
1019930016383
1019940011418
1020180076209
1020120065991
1020140135176
1019910008390
1020140098988
1020070115671
1020070022783
1020060063967
1020140021974
1020150108766
2020010019776
2020030024401
1020200038075
1020090071974
1020070043999
2020060016741
2020060001048
2020050011476
1020030079327
2020050010755
1020190083991
2020080015219
1020060128962
2019950013318
2020020006562
2020010012479
2019880011309
2019900008585
1020040037078
1020140084349
2020020011240
1020060053686
2019850001894
1020030036712
1020120046176
2020100012717
1020100139505
1020110090301
1020090049228
1020060032756
1020110031912
1019910014261
2020000005600
2020000024606
2019980004828
2020050029793
2019980010702
1020070138406
1020040015904
1020050067627
2020020034119
2020040025185
2020040036331
2019840012675
2019850006246
2019880003801
2020040003060
1019930014184
2020030017641
1020020014609
2019850008078
2020040032699
2020010007560
1020120046873
2019980010392
2020050028913
1019980047684
1020160123314
1020140149323
2020050032356
1020050030482
2019880021322
2019820008346
2019840005940
1020040010484
2020010021112
1020070102933
1020100102974
2020100008391
1020080129984
2019940017513
2020050029068
1020070046899
2020050028486
1020050091105
1020140165441
2020040000995
1020070097087
1020120145261
1020070107171
1020137002408
1020000042390
2020040032369
1020140187731
1020060114250
1020100009035
1020050119284
2020040037147
1020020009453
1019960065000
1020100046322
1020000059289
1020040002600
1020080111300
1020080009761
1020080064719
1020120062284
2020110001314
2020020021691
2019990005941
1020110107076
1020060046414
1020090121744
2019880016437
2019960024185
1020030011346
1020050112794
2019980003134
1020010037544
2020010036401
1020050105269
1020050068634
1020020069746
1020050067035
1020020022195
1020110006547
1020120026124
2019910015264
2020000007997
2020000020518
1020040081928
1020060035802
1020130101230
2019950000333
1020110120801
1020140062351
1020070075286
1020100051271
2020020010470
1020200105958
1020150187906
1020170179468
1020160059564
2019970040977
1020120112612
1020090082939
1020130069210
1020100099732
1020130140266
1020140143921
2020030016078
2020030022532
2019960036543
2019960044073
1020000064089
2019890009528
1020070015203
2020100005330
2019990004612
1020100075496
2020010036899
1020150170003
1020170109246
2020040019921
2019800006703
2020060022397
2020030035519
1020120059668
1020080097856
1020010075695
2019980000545
1020070098158
1020110056679
1020120115071
2019970010355
2020050004626
1020050076867
1020100057595
1020110019770
1019960040099
1019980052381
2020010038802
2019970001338
2019970032101
1019990007395
2020060024124
2019960005716
1020030035553
2020000030717
1020020002412
2019880008728
1020020012800
1020030028366
1020030068508
2020010015811
2020020019204
1020010062833
1020150151121
1020120024369
1020110080122
2019920012333
1020000063537
1020060080183
1020130167727
2020010006177
1020020002473
2020060008007
1020070007062
1020040010946
1020020050272
2019990001085
2019950040893
2019960060681
2020030004791
1020120073547
2020060011510
1020090061955
1020107018984
1020170120974
1020140093157
1020080095803
1020150041152
1020080035916
2020060026310
1020020019924
1020110046513
1020090057353
1020110054739
1020080064677
1020120098862
1020060047443
1020100117831
2019860010606
1020050041199
1020100052598
1020130065625
1020097000143
1020080057098
1020150067896
1020090081022
1020130001229
2020060002399
1020040063369
1019990021638
2020060001625
1020100092155
1020070071230
1020040026062
1020110006698
1020090064810
1020060076400
1020050030339
2020050031471
1020070062340
1020040054865
2020060010641
2020020002556
1020040111653
2019980006851
1020040063781
2020010031066
2020040010876
1020030025393
2020020021843
2020120002448
1020160002939
1020150182805
1020170162563
1020170018588
2020060004588
1020180049309
2020050030711
1020100018426
1020120090504
2020030023116
1019990040223
1020140156866
1020070115777
1020130079797
1020160140186
1020050051728
2020010006203
1020070085655
1020150092629
2020030022520
2020080012778
1020080018918
1020100020659
1020177020327
2019940024373
2019930017726
2019960001917
1019960028484
1020080023644
2020000035349
2019980013785
1020040059537
1020040116261
2020040001035
1020090128617
2019990015708
1020100060829
1020120024312
1020100026623
1020070075478
1020090021141
2020090005667
1020150032967
1020060015728
2020030011839
1020050030787
1020160134285
1020010087534
2019930012344
2019980020236
1020150014134
2020120004218
1019980048925
2020020010036
2020070012761
1020000010229
1020077003061
1019990037858
2019990028767
2020040033157
2020040025488
1020010086028
2020000018274
1020040081925
1019990058938
1020080096885
2020050005388
1020080041556
2020020008564
1020100047472
1020050052429
1020090049021
1020020038767
1019990016336
2019850014799
2019880016925
2020040006633
1020000052559
2019890006258
1020060133636
2019880016750
2019810008475
1020050074819
1020060080891
2020050030778
1020080072865
1020080016849
2020140007295
1020130072086
1019970006476
1019990057775
1020010058034
2019920023501
2019980021393
1020080082901
1020070096562
1020137025379
1020040110905
1020110068775
2020000020519
1020010031240
1020030069829
2019940023805
2020050005045
2019970005027
2020040000042
1020120139117
1020080077767
1020000042486
1020060030470
1020020041454
1020060114470
2019990030908
1019910021619
2020050024633
1020120089911
1020010053369
1020010074928
2020020003584
1020150130722
1020197010712
1020000036206
1020030050826
2020010035145
2020030014020
1020130041718
1020100121204
1020120016192
1020100009942
2020060015562
2020040012375
2020040034717
1020060035904
1020040056946
1020020009996
2020070000598
2019970041511
2019990001514
2019890005841
1020150170732
1020090048245
1020050115315
1020170000952
2020110011656
2019880015322
1020080133530
1020090098075
1020040065579
2020030017642
2019940008441
2020010001427
1020030072604
2019870007474
1020150036728
1020090021925
1020180035522
1020100023275
1020087030318
2019960002906
1020130062990
2019960001660
1020010006779
1020110128021
1020120024907
1020130079326
1020090010943
1020170049302
1020110019608
1020140108556
2019860001090
1020110008656
2019640000169
1020060031201
1020090011252
1020020004968
2020010037147
2020080015201
2020040003043
1020090011796
1019880008841
2020060019487
1020110012714
2019920011807
1020120120019
2019950014581
2020100009808
1019890016140
1020020052809
2019990021440
2019870009325
1020090052408
2019930003637
1020060036413
1019990023103
1020040044144
1020040057468
2019950019800
2019980010079
2020080015370
2020050021881
2020020011227
2019890012968
1019960049766
1019980059941
2019960045426
1020060061965
2020050016070
2020050027774
1020040028483
1020030055238
2020020002647
1020010084231
1020030000251
1020020087996
2019980003490
1020000014785
1020020006285
2020010019619
2020010030800
2019980018221
2019880012541
2019900013864
1020130043232
1020040097789
1020080087071
1020090018789
1020090052640
2020110005878
1019980003369
2019860001725
2019980001405
1020010009095
1020040044670
1020040104366
2020070006730
1020100041890
1020100126682
1020140086248
1020140182505
1020180101254
1020060115176
1020140074693
1020170056339
1019990048256
1019980006848
2019980008748
2020030009303
1020000013147
1019970047784
1020070032605
1020050063235
1020070045274
2020010001382
2020000020947
2020050027649
1020000079496
2019920023852
1020070125023
2019830006646
2019920002520
1020120139238
1020167036352
2020050010973
1020060062566
1020130045188
1020060133951
2019980002219
2020080015217
1020080061071
1019950040392
1019990003081
1020110059778
1020090035157
1020040029476
1020127030234
2020090014889
2020140003979
2020070005741
1020100022554
1020050027653
1020140174604
2020020031639
1020040089286
2020040025480
2019940019492
1020020047125
1019970053284
2019980014467
2020060026180
1020050067325
1020150136376
1019970039560
1020090052867
2020050032896
1020020070385
1020090099578
1020120018476
2020160006600
2020120012343
1019990051900
2019880015282
2019990004399
1019980013036
1019997009008
1020100044924
1020100118998
1020090100448
2020070002661
2019950030162
1020160161396
1020100012877
1020090115240
1020150101028
1020030098787
1019960027667
2019930009151
2019940016691
1020120034235
1020150054171
1020020060264
1020010061377
1019980005875
1019970073947
2020010004560
2020050017385
2020070003094
2020050029878
1019890008679
2020130002040
1020060067346
1020100039512
1020100045591
2020160003260
1020030040634
1020090118121
1020120034794
1020080053851
2020010032243
2020010027493
2020040007920
2020040007941
2019720005088
1020130112683
1020150109953
1020187020950
1020080013925
2019900008803
2019860008039
1020080061776
1020090090981
2020030002376
2020000021811
2020060026510
1020030100486
1019970032722
2020020008057
2019980002478
2019980006848
2020100005715
2020020037653
2020130004037
1019980014572
1020060029553
1020030078350
2020030016630
1020100106664
1020090046742
1020010024561
1020120128563
1020010064606
1020130013473
1020190131753
1019970045760
2020010007266
2020050017343
1019970049960
1019980030257
1020040005739
1020040082799
2020010025177
1020200075923
2020030033666
2019920011565
2019970042481
1020180086098
1019890010260
1020040081728
2020040018407
1020150047221
1019910700645
1019940005148
1020030082235
1020050134965
2020120010212
1020150153782
1020160159878
1020190036141
1020070058392
1020080123848
1020110096887
2020080005981
2020070003947
2020130000997
1020140116866
2020150003074
1019990021154
1020060110866
1020010015340
2019900022431
1020130046058
1019980026613
2019990022817
2020020036460
1019850006101
1019920011637
1019990038189
2020050003352
1020030086323
1020080097464
1020137011048
1020100082611
2019880010284
2020130003380
1020080053287
1019970009977
1020080075679
2019900015196
1020070063833
1020120074971
1020140043847
1020150118283
1020177033889
1020120027671
1020197010523
2020000030789
2020030040419
1020170068191
2019870012547
2019910017415
2019900000767
1020050007663
2019880011821
2020160004106
2020040027725
1019960074052
1020070141842
1020070109167
1019970036209
1020000002691
2020010000339
2020000009005
2019960053859
1020057006509
1020120098551
2020090016835
2020030011436
1019940011121
1019980005830
1020100040128
1019990028269
2020020004698
1020107027356
2019900002888
2019960021796
2020120005227
2019830005256
1019910015928
2020090009862
1020110048028
1019940019797
2020010003738
1020060110834
1019990048642
1020110061687
2019980001132
2020090010796
1020010009795
1020050096775
2020150003284
2019830007744
2019980001162
2020080013693
1020040091305
1020020066292
1020067010202
2020020036417
1020040098568
1020030059761
1020030027326
1020040093496
2020050027520
2020080008102
1020000064507
2019950009179
2019980007421
1019940031534
1020090016101
2020050026050
2019980003438
2020110003877
1020020066815
1020050050997
1019900021246
1019910011312
2019910021965
2019980005462
2020000006150
2020000005064
1020040098958
1020040014408
2020050007600
2020020022315
2019840007770
1020020008911
1020080125115
1020090002809
1020020073708
2020010003288
2020000020128
2020050026429
2020060017938
2019890017811
1019990007333
1020000047339
2020010025718
1020110032776
2019860000271
2020110002378
1020150129503
1020070008848
1019980040948
1020010042122
1020020009168
2020030038012
2020040030287
1020140026573
1020160084444
1020070068886
2019990006718
1020030007132
2020000034278
2020010022433
1020080068278
1019810005012
1020020049521
1020130070724
2020030038529
1020140035835
1020160001693
1020130161698
1020080034800
1020127008941
1020150079104
2020010033797
2020050018459
1020160015313
1020120117599
2020050013104
1020070052747
2020070016404
2020090014367
2020030007827
1019940014949
1019970022174
1020020080372
1020100121050
1020070022931
2020090012499
1019960027095
2020030008378
1020070119845
1020080079169
